

# From Mast3R

The 
[2025-09-07 13:25:31] Final focal (shared) =  293.59
[2025-09-07 13:25:31] tensor([293.5899, 293.5899, 293.5899, 293.5899])
[2025-09-07 13:25:31] tensor([[[-0.5586, -0.0142,  0.8293, -1.7265],
         [-0.3702,  0.8990, -0.2340,  0.8330],
         [-0.7423, -0.4377, -0.5074,  1.9527],
         [ 0.0000,  0.0000,  0.0000,  1.0000]],

        [[-0.3230, -0.5847,  0.7442, -1.7857],
         [-0.3753,  0.8010,  0.4664, -0.7386],
         [-0.8688, -0.1287, -0.4781,  1.9963],
         [ 0.0000,  0.0000,  0.0000,  1.0000]],

        [[-0.3694, -0.0153,  0.9291, -1.9591],
         [-0.3869,  0.9116, -0.1388,  0.5779],
         [-0.8449, -0.4108, -0.3427,  1.3951],
         [ 0.0000,  0.0000,  0.0000,  1.0000]],

        [[-0.0328, -0.0194,  0.9993, -2.1241],
         [-0.3844,  0.9232,  0.0053,  0.2518],
         [-0.9226, -0.3839, -0.0377,  0.6809],
         [ 0.0000,  0.0000,  0.0000,  1.0000]]])
